typography_spectrum: 0.9372658792417496
color:
  brandStrength: 0.8576900432817638
  lightness: 0.2512296517379582
  saturation: 0.7452396710868925
  rhythmicContrast: 0.7329347562044859
layout_spectrum: 0.489071287214756
name: 'Cyclumvitae, Lda'
title: Ao ritmo dos ciclos da vida
description: Ao ritmo dos ciclos da vida
